0002526673_jpg.rf.bf8587709fd1a85cfe7194d6a6c61e5e.jpg 69,164,86,182,0 158,143,206,200,0
1477443223-1445746883_jpg.rf.c1b3c2d98a1340788b62fb77b5ed65d5.jpg 255,99,386,262,0 13,109,125,238,0
so-19-_jpg.rf.c42db62b91868a2621c004719f85f077.jpg 326,157,399,230,0 186,126,236,177,0 59,174,109,215,0
shutterstock_1145933543-e1579497052960_jpg.rf.ba759c8dc24ec7c96431361a97622ec7.jpg 209,82,335,235,0
TASS38012699_jpg.rf.c4b73d7d90d303285413e706d464cbab.jpg 255,199,273,218,1 321,218,350,249,1 269,251,312,296,1 32,173,58,209,1 234,239,280,284,1 217,164,241,191,1 394,204,414,243,1 171,116,210,163,0
0_10725_jpg.rf.c4986c2742edac73623cf6f7f3a23e7d.jpg 300,197,366,271,0 96,138,151,202,0 244,131,303,196,1 56,195,123,274,1
0ad90195-cd77-489e-bf85-08c83b80d3e0_jpg.rf.beb82ab840a99a2f93e750cef18fec63.jpg 1,88,63,232,0 96,121,209,240,0 199,109,299,231,0
soo-1-_jpg.rf.d5044f200a1c1d16a1ab2ba797ce9b98.jpg 310,208,331,234,0 328,188,353,216,1 372,190,409,225,1 219,122,254,168,0 131,120,183,171,0 64,127,109,179,0
1152x768_246964803156_jpg.rf.d4e8b4fea92b78d84ef512010040fb58.jpg 184,111,219,152,0 26,122,42,149,0 13,101,33,124,1 263,96,287,128,1 58,115,88,149,0 318,78,354,126,0 230,98,256,131,1 94,98,116,122,1 133,101,157,135,1
REVZGCBIJNQPMIIXOKDCQA3GJI_jpg.rf.cf675ff0bc9d180c1b108765dcc3e050.jpg 286,145,299,165,0 296,105,366,199,0 242,171,282,220,0 175,175,218,229,0 156,154,189,203,0 11,114,82,194,0
W37H3GWNO5EV5HTJQNP4KLIRGI_jpg.rf.d44f7987f4f5b4fbfa3d2e2138c705fd.jpg 205,82,306,181,0
skynews-coronavirus-london-fashion-week_4920359_jpg.rf.d44bd1ff2598b4bdd63cf43da1f7fc11.jpg 73,185,149,271,0 156,159,238,243,0 283,149,363,238,0
001_1024_jpeg_jpg.rf.c4e11afe1d1dc367337eb47d06078f48.jpg 349,227,372,255,0 318,188,352,225,0 288,208,318,242,0 246,185,293,228,0 83,91,152,171,0 191,139,243,199,0
0_8w7mkX-PHcfMM5s6_jpeg_jpg.rf.ba78b0fdc3e0586bd4422846fe56a883.jpg 289,114,300,127,0 38,217,52,234,1 61,235,74,252,1 0,190,12,207,0 44,189,63,206,0 23,186,37,202,0 31,104,44,116,0 31,112,42,125,0 64,162,77,178,0 48,159,62,175,0 96,123,107,135,0 87,135,98,149,0 52,137,65,152,1 83,127,94,140,1 103,137,115,151,1 119,133,131,146,1 138,122,149,138,1 101,168,115,184,0 135,158,150,175,0 147,137,160,153,0 128,113,140,127,0 104,99,114,110,0 118,91,128,103,0 127,82,136,94,0 145,63,154,73,0 142,73,151,84,0 157,75,167,87,0 162,89,172,100,1 159,114,171,127,0 174,86,185,98,0 169,72,179,83,0 184,63,192,71,0 193,76,202,86,0 207,80,216,87,0 202,96,213,107,0 167,157,183,176,0 224,153,237,169,0 227,138,239,154,0 204,122,216,136,0 182,146,198,163,0 194,157,208,174,0 215,160,230,178,0 270,163,284,179,0 243,162,259,183,0 257,138,269,154,0 262,103,273,116,1 275,94,284,106,1 221,63,230,75,0 219,85,229,97,0 232,73,242,85,0 259,80,270,92,0 254,109,265,122,0 256,63,266,70,0 273,76,282,86,0 283,79,294,91,0 288,83,298,94,0 314,63,323,70,0 298,87,308,98,0 356,69,365,80,0 335,76,345,88,0 325,85,335,94,0 302,97,311,107,1 345,84,354,93,1 394,65,403,76,1 380,71,391,82,0 366,76,377,89,0 356,103,367,115,0 337,103,348,116,0 315,122,327,137,0 349,119,360,132,0 379,106,390,120,0 401,83,413,98,0 389,107,401,120,0 372,135,381,145,0 356,146,370,161,0 346,135,358,149,0 330,141,345,157,0 407,193,415,212,0 376,145,390,161,0 371,176,385,194,0 363,186,380,205,0 298,168,314,185,0 279,172,295,192,0 290,182,306,202,0 142,182,161,202,0 169,175,185,193,0 196,180,215,201,0 180,206,197,226,0 359,160,373,176,0 238,198,258,220,0 179,205,179,205,0 186,218,207,240,0 19,248,45,271,0 363,324,388,350,0 291,204,309,224,0 278,207,298,229,0 383,204,400,225,0 380,222,403,249,0 382,274,401,299,0 364,276,387,304,0 299,306,324,336,0 258,284,280,311,0 239,264,260,289,0 214,298,238,323,0 182,278,197,298,0 157,315,183,342,0 92,320,115,345,0 147,231,166,250,0 110,214,127,233,0 99,224,119,246,0 149,253,165,272,0 160,252,177,275,0 124,271,146,295,0
w1240-p16x9-CORONAVIRUS-CHINA-HEALTH-APPLE-STORE_jpg.rf.be787571980a1dd758e2d4d538c2c14e.jpg 131,100,160,134,0 285,156,321,194,0 177,158,215,197,0 309,173,350,216,0
Surgical-Mask-Effectiveness_jpg.rf.bdba6eb2610938f3400727ffb47b4701.jpg 194,116,350,299,0 58,126,208,291,0
0209-00176-076b1_jpg.rf.cfc701a3fc388506cbc0954aef9ececa.jpg 41,69,73,106,0 79,94,141,171,1 309,76,388,178,0 156,96,226,175,0
101d6660a8974050b613dd2e6bd59390_jpg.rf.c7790bf61081fd3cda0b85dc6ab33794.jpg 335,140,382,202,0 208,105,253,168,0 173,155,220,215,0 59,143,114,204,0
PHOTriZgIKIgsnNLdBJG75vj200203_1000x2000_jpg.rf.c58d2babecc2a8bd56485a56a9a6c940.jpg 316,126,362,179,0 239,143,281,188,0 179,117,214,161,0 91,83,131,131,0
1249493_jpg.rf.c9a8082b795e1d71556b0f2d74428077.jpg 247,111,266,138,1 298,107,321,142,0 272,104,300,151,0 161,101,191,136,0 27,75,68,128,0
w1240-p16x9-5f8aa310737f8e0e6c43d95a68a82b03b6f60106_jpg.rf.cc36eff3f8e6e7ca1ceb2765570e9bc7.jpg 325,125,346,147,1 16,115,47,155,0 53,131,85,168,0 110,117,133,141,0 135,109,163,142,0 182,126,206,154,0 244,135,262,162,0 378,118,405,151,0 352,113,380,145,0 300,115,328,149,0 274,133,311,179,0 255,127,289,173,0 225,122,250,157,0 156,128,180,157,0 124,131,158,164,0 164,177,201,213,0 203,121,228,153,0
sdgdsgsg_jpg.rf.c947ddf5aa988c8a6a55f13d44e0107b.jpg 2,85,77,225,0 329,147,415,292,0 134,67,273,225,0
15-08608-001_jpg.rf.cf241fdb300b03822239f49da6e2903e.jpg 47,159,98,227,1 300,160,344,223,0 243,106,287,170,0 111,120,151,189,0
the-first-day-of-wuhan-s-closure-some-people-fled-some-panicked_jpg.rf.d5d0941d6bb1e140c1320558ba11a190.jpg 171,175,192,196,1 206,174,217,187,0 230,189,241,201,0 220,170,235,186,0 316,92,409,176,0 241,132,293,186,0 119,122,171,184,0 4,125,58,187,0
0602623232127-web-tete_jpg.rf.c4eb9878d42f74affb5e64baa193e957.jpg 66,139,99,185,1 163,144,228,217,1 192,92,213,117,1 125,92,149,117,1 246,116,274,151,1 144,108,178,149,1 34,104,74,147,1 34,248,73,291,1 108,164,156,230,0 209,96,238,131,0 262,122,296,164,0 327,105,387,173,0 266,195,330,281,0
sdsdsff_jpg.rf.d975e970cc681c04190161507f1d5a01.jpg 312,121,355,171,0 247,125,297,173,0 164,136,205,182,0 90,125,125,170,0 7,133,42,175,0
pollution-mask-CE5HYF_jpg.rf.c85e9def9808cbd89e22f8b6c5beefee.jpg 262,138,336,247,0 156,90,270,237,0
RTX7CD4D-e1580252893876_jpg.rf.ca756ef10aa30b722bd3e9ca7335c6bd.jpg 303,109,337,139,0 238,116,258,137,0 155,96,177,122,0 75,107,97,130,0
15391513321824spp815on8_jpg.rf.d613f1dc59877063d987371180703941.jpg 70,122,132,207,1 281,58,346,247,1 160,22,263,170,0
REVZGCBIJNQPMIIXOKDCQA3GJI_jpg.rf.cf4d3c8878cb3b1d49e4eaf4fa7b3dec.jpg 286,145,299,165,0 296,105,366,199,0 242,171,282,220,0 175,175,218,229,0 156,154,189,203,0 11,114,82,194,0
r1p00017o8357s6sno6_jpg.rf.d80624111f5298c9209ec086c2f96d32.jpg 180,2,271,118,0
skynews-coronavirus-london-fashion-week_4920359_jpg.rf.be080e946fd8f659dca808d698937e33.jpg 73,185,149,271,0 156,159,238,243,0 283,149,363,238,0
0602623232127-web-tete_jpg.rf.dd3e866aa8ee1046a14d181af4e81e62.jpg 66,139,99,185,1 163,144,228,217,1 192,92,213,117,1 125,92,149,117,1 246,116,274,151,1 144,108,178,149,1 34,104,74,147,1 34,248,73,291,1 108,164,156,230,0 209,96,238,131,0 262,122,296,164,0 327,105,387,173,0 266,195,330,281,0
1580128422_jpg.rf.dcbfa2b50097dca6732f81ccbeacb1a6.jpg 80,210,128,266,1 356,217,402,280,0 308,190,345,245,0 242,207,292,264,0
TB2R28UvUOWBKNjSZKzXXXfWFXa_--1116877752_jpg.rf.da56cd78c6af7abfdb6241677ec5d818.jpg 230,81,379,255,0 55,40,205,218,0
stock-photo-mother-and-her-daughter-walking-go-to-school-with-wearing-a-protection-mask-against-pm-air-1346870465_jpg.rf.da9cbc0bb161b2a6f5900f0a5f5d9e8f.jpg 256,182,297,222,0 165,87,208,133,0
IMG_5690-2_jpg.rf.e0d5b292982f54417ce899205b4c4dd2.jpg 220,168,270,227,0 141,173,192,234,0
Untitled-design-13_png_jpg.rf.e25ec19f244c9aba04ebb4b3afece003.jpg 201,167,284,253,0
w1240-p16x9-fa978043deff83fed485af12d16e39c61398fc30_jpg.rf.ee532bf24436e849ed9dde973c35bf01.jpg 105,92,318,311,0
0_Concern-In-China-As-Mystery-Virus-Spreads_jpg.rf.dd5fb360a394aed96063c96c0c4d620b.jpg 121,214,144,242,0 106,126,159,197,0 194,103,245,165,0
1580128422_jpg.rf.ef6ebebcbc349681ebfe98b088be4595.jpg 80,210,128,266,1 356,217,402,280,0 308,190,345,245,0 242,207,292,264,0
r1000019q689461s9r0_jpg.rf.f02d0ee899f896fbaf952f865264a783.jpg 228,50,309,147,0
r1400018548960op29s_jpg.rf.dd4b05cfcdbb5a9488b7d041afd1afbd.jpg 131,27,240,135,0
0109-00176-096b1_jpg.rf.f0458c35b530648691bb98b6721c51bf.jpg 178,24,290,150,0
000b7b75-1600_jpg.rf.dfd25faeddf3f59fa6e8fd533ac18313.jpg 72,107,114,153,1 263,124,297,165,1 311,148,361,209,0 200,134,241,190,0 0,144,30,192,0 127,117,155,146,0 150,138,192,185,0 49,139,106,205,0
w1240-p16x9-5f8aa310737f8e0e6c43d95a68a82b03b6f60106_jpg.rf.f05b37eae061d85c05289036848067a4.jpg 325,125,346,147,1 16,115,47,155,0 53,131,85,168,0 110,117,133,141,0 135,109,163,142,0 182,126,206,154,0 244,135,262,162,0 378,118,405,151,0 352,113,380,145,0 300,115,328,149,0 274,133,311,179,0 255,127,289,173,0 225,122,250,157,0 156,128,180,157,0 124,131,158,164,0 164,177,201,213,0 203,121,228,153,0
1029731146_jpg.rf.eefc2237d926b6b2527ac8dba785e16e.jpg 11,127,61,187,1 322,117,394,213,0 157,102,255,239,0 57,147,123,243,0
0_8w7mkX-PHcfMM5s6_jpeg_jpg.rf.e422f87e31059416654757bb5ebc8faf.jpg 289,114,300,127,0 38,217,52,234,1 61,235,74,252,1 0,190,12,207,0 44,189,63,206,0 23,186,37,202,0 31,104,44,116,0 31,112,42,125,0 64,162,77,178,0 48,159,62,175,0 96,123,107,135,0 87,135,98,149,0 52,137,65,152,1 83,127,94,140,1 103,137,115,151,1 119,133,131,146,1 138,122,149,138,1 101,168,115,184,0 135,158,150,175,0 147,137,160,153,0 128,113,140,127,0 104,99,114,110,0 118,91,128,103,0 127,82,136,94,0 145,63,154,73,0 142,73,151,84,0 157,75,167,87,0 162,89,172,100,1 159,114,171,127,0 174,86,185,98,0 169,72,179,83,0 184,63,192,71,0 193,76,202,86,0 207,80,216,87,0 202,96,213,107,0 167,157,183,176,0 224,153,237,169,0 227,138,239,154,0 204,122,216,136,0 182,146,198,163,0 194,157,208,174,0 215,160,230,178,0 270,163,284,179,0 243,162,259,183,0 257,138,269,154,0 262,103,273,116,1 275,94,284,106,1 221,63,230,75,0 219,85,229,97,0 232,73,242,85,0 259,80,270,92,0 254,109,265,122,0 256,63,266,70,0 273,76,282,86,0 283,79,294,91,0 288,83,298,94,0 314,63,323,70,0 298,87,308,98,0 356,69,365,80,0 335,76,345,88,0 325,85,335,94,0 302,97,311,107,1 345,84,354,93,1 394,65,403,76,1 380,71,391,82,0 366,76,377,89,0 356,103,367,115,0 337,103,348,116,0 315,122,327,137,0 349,119,360,132,0 379,106,390,120,0 401,83,413,98,0 389,107,401,120,0 372,135,381,145,0 356,146,370,161,0 346,135,358,149,0 330,141,345,157,0 407,193,415,212,0 376,145,390,161,0 371,176,385,194,0 363,186,380,205,0 298,168,314,185,0 279,172,295,192,0 290,182,306,202,0 142,182,161,202,0 169,175,185,193,0 196,180,215,201,0 180,206,197,226,0 359,160,373,176,0 238,198,258,220,0 179,205,179,205,0 186,218,207,240,0 19,248,45,271,0 363,324,388,350,0 291,204,309,224,0 278,207,298,229,0 383,204,400,225,0 380,222,403,249,0 382,274,401,299,0 364,276,387,304,0 299,306,324,336,0 258,284,280,311,0 239,264,260,289,0 214,298,238,323,0 182,278,197,298,0 157,315,183,342,0 92,320,115,345,0 147,231,166,250,0 110,214,127,233,0 99,224,119,246,0 149,253,165,272,0 160,252,177,275,0 124,271,146,295,0
125895-untitled-design-30_jpg.rf.dfec7cc43acfefe71b9c381b1b6e6a89.jpg 322,93,335,110,0 222,98,241,119,0 160,94,173,106,0 182,99,196,113,0 97,96,119,126,0 85,106,107,138,0 45,198,95,257,0 124,179,158,228,0 157,139,189,179,0 211,129,239,167,0 220,161,253,204,0 256,125,288,163,0 328,110,349,139,0 346,95,365,112,0 302,110,320,133,1
soooo_jpg.rf.ef314837ecfd60f2bc90e1f102ec1103.jpg 252,70,322,129,1 240,120,269,151,0 81,158,149,223,0 70,120,106,154,0
08165739_jpg.rf.eff3384c775026254d24f37769c4ff20.jpg 345,155,374,188,0 287,152,313,183,0 201,122,246,179,0 216,99,260,148,0 169,91,211,136,0 110,191,156,246,0
ST_20170401_EASAND_3046471_jpg.rf.ed607575f247e0e2bf5b5777bdabea9b.jpg 347,76,398,135,0 329,88,364,140,0 283,83,333,143,0 246,94,288,155,0 213,112,259,171,0 184,103,226,160,0 76,112,127,170,0 4,112,49,168,0
1224331650_g_400-w_g_jpg.rf.e58d7b40ae4b2355d5c22ec7627247f0.jpg 221,16,410,184,0 247,225,384,379,0 32,15,152,130,0 46,242,154,352,0
1249493_jpg.rf.f06955a3a86abc5c7731f866dcc2606b.jpg 247,111,266,138,1 298,107,321,142,0 272,104,300,151,0 161,101,191,136,0 27,75,68,128,0
ST_20170401_EASAND_3046471_jpg.rf.e7b61d89fdae2db5ebcaed041022e802.jpg 347,76,398,135,0 329,88,364,140,0 283,83,333,143,0 246,94,288,155,0 213,112,259,171,0 184,103,226,160,0 76,112,127,170,0 4,112,49,168,0
the-first-day-of-wuhan-s-closure-some-people-fled-some-panicked_jpg.rf.f0e31dd9037d4d187bf8b2555c1a03a0.jpg 171,175,192,196,1 206,174,217,187,0 230,189,241,201,0 220,170,235,186,0 316,92,409,176,0 241,132,293,186,0 119,122,171,184,0 4,125,58,187,0
1288126-10255706714jpg_jpg.rf.ec1ef7699d5948f5c121caec94a44dff.jpg 123,144,188,228,0 216,177,271,243,0
r1000019q679o5611r7_jpg.rf.e89c0f2365d1201965cd66b00bc46a2d.jpg 135,4,246,121,0
1_13_jpg.rf.f357f8380ee30652f0634176bd18d4fa.jpg 355,143,403,201,0 330,163,352,193,0 236,102,255,131,0 194,116,223,149,0 134,100,162,129,0 47,117,105,188,0
phpM5suKS_jpg.rf.f4c47c22869091de8116d39550fa04e1.jpg 117,95,147,170,1 75,85,124,178,1 255,99,302,204,0 331,61,413,184,1 0,19,96,170,0 146,56,265,234,0
1553605632_9d5877d8_60_jpg.rf.f3940b4f87072293814600d19919c2e5.jpg 326,302,348,329,0 353,287,387,339,0 307,256,340,291,0 83,269,145,347,0 1,249,69,327,0 25,106,51,136,0 44,80,71,119,0
1422808187-3291816118_jpg.rf.f95d4db9cff7aade2250bb2f37bb99f1.jpg 134,102,277,272,0
shutterstock_1627199179_jpg.rf.f20b8835da432468dbd7fb22e4c74626.jpg 367,70,414,116,0 73,86,140,169,0 18,119,107,236,0 133,110,222,201,0 278,103,393,238,0
1422808187-3291816118_jpg.rf.f4fc10a9231b81c32c6fbbc068c5c591.jpg 134,102,277,272,0
004_1024_jpeg_jpg.rf.f6a1a6e77e12151aa8b2aefee5806afa.jpg 132,110,232,224,0
phppaNXxb_jpg.rf.fbe4dbadc6b90012e3f28145a2e0b3ea.jpg 38,121,62,162,0 0,133,10,177,1 115,136,152,175,1 292,122,331,170,1 51,108,99,164,0 165,115,208,169,0 220,101,257,150,0 256,129,303,186,0 346,199,387,251,0
rally-against-an-anti-mask-law-meant-to-deter-anti-government-protesters-in-hong-kong-china-shutterstock-editorial-10435716z_jpg.rf.f75de4ceaf06638e9472e72ab63608b0.jpg 94,136,120,164,0 381,187,404,210,0 375,158,392,179,0 306,178,325,198,0 365,175,388,203,0 281,171,304,203,0 318,127,373,189,0 185,88,231,143,0 90,159,118,192,0 33,128,81,197,0 5,178,42,213,0 3,133,34,172,0
000_1OC3DT_jpg.rf.fbb5703fe5cbf80d030ed9fc3543f881.jpg 345,160,414,244,0 308,190,366,263,0 335,106,398,167,0 274,90,328,152,0 226,186,289,258,0 196,164,249,230,0 176,95,221,152,0 145,101,185,144,0 119,186,177,251,0 114,96,151,141,0 60,88,107,144,0 2,85,53,145,0 35,170,91,230,0
skypost16012020a01s_jpg.rf.fabbe4be7d5b22fb5797841e76115e36.jpg 277,115,305,148,1 354,124,383,159,1 388,151,413,195,1 226,209,279,263,1 241,180,288,225,1 212,143,244,187,1 186,132,218,173,1 87,131,123,175,1 36,142,72,181,1 62,155,98,205,1 60,203,103,248,1 118,186,163,242,1 329,198,387,263,0 159,181,206,241,0
shutterstock_editorial_10536831j_2e16d0ba_fill-1200x650_jpg.rf.fd7a04b6f16f409dc8e126b14dcd1154.jpg 304,165,312,174,0 372,169,408,204,0 352,182,369,201,0 316,173,330,188,0 264,170,272,181,0 270,164,278,173,0 277,174,286,181,0 209,175,216,184,1 231,179,245,198,0 187,172,198,184,0 168,173,181,186,0 99,180,109,189,0 22,182,29,190,0 15,183,24,193,0 55,186,62,194,0 142,179,153,192,0 125,178,133,188,0 32,183,42,193,0 43,182,54,194,0 4,188,17,202,0 11,193,26,211,0 39,205,63,227,0 113,183,131,201,0 131,197,146,217,0 86,186,110,217,0 58,190,92,229,0 111,220,150,262,0 164,222,185,248,0 197,187,213,209,0 174,188,192,206,0 211,192,234,215,0 191,208,233,253,0 255,189,279,218,0 279,188,359,284,0
shutterstock_editorial_10536831j_2e16d0ba_fill-1200x650_jpg.rf.fb0847362b751e03304ec361e1e2c0cc.jpg 304,165,312,174,0 372,169,408,204,0 352,182,369,201,0 316,173,330,188,0 264,170,272,181,0 270,164,278,173,0 277,174,286,181,0 209,175,216,184,1 231,179,245,198,0 187,172,198,184,0 168,173,181,186,0 99,180,109,189,0 22,182,29,190,0 15,183,24,193,0 55,186,62,194,0 142,179,153,192,0 125,178,133,188,0 32,183,42,193,0 43,182,54,194,0 4,188,17,202,0 11,193,26,211,0 39,205,63,227,0 113,183,131,201,0 131,197,146,217,0 86,186,110,217,0 58,190,92,229,0 111,220,150,262,0 164,222,185,248,0 197,187,213,209,0 174,188,192,206,0 211,192,234,215,0 191,208,233,253,0 255,189,279,218,0 279,188,359,284,0
RZXE24HFK5GSVKVSN57VCVPQ4M_jpg.rf.faca0a4e2da5670fe6154803c6fa17c8.jpg 171,114,190,134,1 179,134,202,157,1 327,109,364,149,1 154,122,170,139,0 200,119,221,142,0 254,123,288,161,0 301,129,327,157,0 370,122,398,161,0 92,104,117,135,0
0200b38c89b16c37c5de8e247bb00c2f_jpg.rf.ffc2499cf0fa1c95c50db9c4db076ba1.jpg 246,83,284,129,0 102,117,128,147,1 150,75,178,109,1
phpM5suKS_jpg.rf.f9259102e1fd8f26a2a95ee9b7aa6f0c.jpg 117,95,147,170,1 75,85,124,178,1 255,99,302,204,0 331,61,413,184,1 0,19,96,170,0 146,56,265,234,0
126202-untitled-design-13_jpg.rf.ffde980a538544d6e5a192be9bdda77f.jpg 324,96,387,175,0 234,139,325,268,0 161,123,239,225,0 70,176,144,270,0 2,129,77,249,0
thumbnail-ba5c72edb320b49a69e86b05775c49b2-scaled-1_jpeg_jpg.rf.0c9107c13c231bd741af22147bfbd252.jpg 253,121,269,142,1 84,129,98,144,0 371,69,412,119,0 270,93,311,137,0 203,88,242,132,0 161,85,194,125,0 104,109,134,144,0 52,103,78,132,0 11,106,39,135,0
1579928067_250120120154270000005e2bca03bf464_jpg.rf.059d2ace4ff7e482d8fecba6659d9a43.jpg 359,103,385,133,0 318,93,342,125,0 42,102,66,127,0 78,89,122,140,0 283,120,294,136,1 238,116,250,132,1
1580173904-0001oc33f_jpg.rf.0dc7aea34319dea99f601e1623c272a9.jpg 128,167,139,179,0 1,163,11,181,0 180,172,188,185,0 6,179,31,205,0 43,170,53,184,0 103,162,114,177,0 123,182,147,212,0 16,199,49,229,0 62,164,101,208,0 257,175,272,193,0 270,188,295,219,0 228,184,253,213,0 151,169,178,210,0 172,205,212,255,0 378,220,406,283,0 319,178,390,276,0
135e-huxwryw6451820_jpg.rf.09875a71464efcfede0b34c203cf01e5.jpg 90,0,314,312,0
w1240-p16x9-0e48e0098f6e832f27d8b581b33bbc72b9967a63_jpg.rf.04fef5e4b89cbbbabe57d7dc73d93569.jpg 226,95,338,195,0 62,112,171,204,0
shutterstock_289132226_jpg.rf.0919b0f674c4ba1ea87eb151cca5b41d.jpg 266,114,328,176,0 176,105,239,169,0 78,99,137,170,0
1580173904-0001oc33f_jpg.rf.069ee9bd7c764c9d4c15c4e05017e0ed.jpg 128,167,139,179,0 1,163,11,181,0 180,172,188,185,0 6,179,31,205,0 43,170,53,184,0 103,162,114,177,0 123,182,147,212,0 16,199,49,229,0 62,164,101,208,0 257,175,272,193,0 270,188,295,219,0 228,184,253,213,0 151,169,178,210,0 172,205,212,255,0 378,220,406,283,0 319,178,390,276,0
0ad90195-cd77-489e-bf85-08c83b80d3e0_jpg.rf.0714cb816b3c6cdbe18075100c4f0b55.jpg 1,88,63,232,0 96,121,209,240,0 199,109,299,231,0
w1240-p16x9-CORONAVIRUS-CHINA-HEALTH-APPLE-STORE_jpg.rf.0e765b5403bcbabf8775e79065a913f3.jpg 131,100,160,134,0 285,156,321,194,0 177,158,215,197,0 309,173,350,216,0
1580166133-5b61094cac11561b0cbe09826e32a924_jpg.rf.086e7a59f86952ab5a96e29b4c406341.jpg 3,179,86,331,0 44,90,113,176,0 21,131,91,219,0 101,126,177,237,0 253,70,317,140,0 351,71,414,150,0 321,172,408,281,0 181,138,285,282,0
TASS38012699_jpg.rf.0e7a708b32c3aab2db23a28c833d55bd.jpg 255,199,273,218,1 321,218,350,249,1 269,251,312,296,1 32,173,58,209,1 234,239,280,284,1 217,164,241,191,1 394,204,414,243,1 171,116,210,163,0
sdgdsgsg_jpg.rf.1efa414166c36a224811694ae0c4fab5.jpg 2,85,77,225,0 329,147,415,292,0 134,67,273,225,0
004_1024_jpeg_jpg.rf.1520b3eaee42450339ed818a791be4e8.jpg 132,110,232,224,0
10fea_8011463765e2aa28b386cf_jpg.rf.10f008b758fecc602df95d6d3add7357.jpg 287,84,345,156,1 33,91,173,273,0
1580048340614_jpg.rf.25258a7f81e9bb398b082e3b9f40baa9.jpg 107,144,141,194,1 264,101,291,133,1 268,236,349,322,0 251,140,292,214,0 374,154,413,211,0 366,105,397,146,0 302,153,341,206,0 199,133,258,217,0 150,168,197,233,0 83,183,137,260,0 2,191,76,306,0
RTX7CCFN_jpg.rf.0fd9548994cfdc77f3bfd3d974c83b17.jpg 48,121,67,143,0 190,89,247,158,0
sgssgg_jpeg_jpg.rf.239462573becb0ac50bc7cc2ae0ef117.jpg 42,189,72,238,0 0,176,52,237,0 74,217,118,264,0 94,156,128,192,0 127,146,154,179,0 183,173,220,211,0 208,144,239,176,0 263,165,290,199,0 297,184,327,217,0 327,192,369,246,0
so-19-_jpg.rf.0fdc2a176250300f1a4aba2e16d46935.jpg 326,157,399,230,0 186,126,236,177,0 59,174,109,215,0
1030611863_jpg.rf.15d705514b8ff559eb4bf48712748257.jpg 96,184,102,193,0 388,190,400,204,0 236,186,247,199,1 258,178,285,215,0 189,167,221,210,0 143,156,173,193,0 16,183,29,200,1 116,181,129,197,1
1249493_jpg.rf.26b31b3c2a31c28037d99f1d100a1cf2.jpg 247,111,266,138,1 298,107,321,142,0 272,104,300,151,0 161,101,191,136,0 27,75,68,128,0
15391513329330sooq10859_jpg.rf.209ce2fd0a7cbbe1a02096195900a69f.jpg 148,36,254,166,0
Untitled-design-13_png_jpg.rf.10fb86f7356fcf024ffed143ad582247.jpg 201,167,284,253,0
RTX7CD4D-e1580252893876_jpg.rf.1cfab347460cce43322c9b2be80a97be.jpg 303,109,337,139,0 238,116,258,137,0 155,96,177,122,0 75,107,97,130,0
r1000019q679o5611r7_jpg.rf.24633406d79e9c31c7999be817141525.jpg 135,4,246,121,0
PHOTriZgIKIgsnNLdBJG75vj200203_1000x2000_jpg.rf.2645414a8e82b1f116797ba1777d211c.jpg 316,126,362,179,0 239,143,281,188,0 179,117,214,161,0 91,83,131,131,0
1000x-1_jpg.rf.17be6f540e250b593e4d74300db0b3be.jpg 383,157,415,225,1 206,106,254,179,0 335,127,393,214,0 285,225,356,322,0 61,125,106,201,1 252,112,300,182,1 95,202,154,284,1 173,129,223,206,0 9,124,71,208,0
pjecDNMmCUQmbDoJx1fdqolnfHtpsfFK8jTA2Ng0wNg_jpeg_jpg.rf.13f585bc07adb830fffb545fe172a43e.jpg 308,134,355,207,1 44,125,81,168,0 111,143,147,183,0 164,114,210,174,0 245,159,280,200,0 335,114,386,182,0
w1240-p16x9-0e48e0098f6e832f27d8b581b33bbc72b9967a63_jpg.rf.23f78ad90cdbf347853718336ec3cc51.jpg 226,95,338,195,0 62,112,171,204,0
002_1024_jpeg_jpg.rf.1a66bba44eceebcf72ab0a8f2c682357.jpg 127,163,192,236,0 52,169,107,233,0 1,161,20,222,0
1_13_jpg.rf.0e9d1b9b2a00763ddbee1f7b80192b85.jpg 355,143,403,201,0 330,163,352,193,0 236,102,255,131,0 194,116,223,149,0 134,100,162,129,0 47,117,105,188,0
rally-against-an-anti-mask-law-meant-to-deter-anti-government-protesters-in-hong-kong-china-shutterstock-editorial-10435716z_jpg.rf.103cca1176929efc552ef056e4eb0f63.jpg 94,136,120,164,0 381,187,404,210,0 375,158,392,179,0 306,178,325,198,0 365,175,388,203,0 281,171,304,203,0 318,127,373,189,0 185,88,231,143,0 90,159,118,192,0 33,128,81,197,0 5,178,42,213,0 3,133,34,172,0
1539151332674193npsrq70_jpg.rf.26be211cb663135b75bc001cad0544c8.jpg 158,29,208,84,0
1140-travelers-at-hong-kong-airport_jpg.rf.27ae866655e30453db6c50e2d4be9749.jpg 18,133,40,159,1 343,90,375,126,0 101,98,133,134,0 185,171,210,203,0
W37H3GWNO5EV5HTJQNP4KLIRGI_jpg.rf.1e8053a9ef8310e413e4aa2b8d01b560.jpg 205,82,306,181,0
r1p00017o8357s6sno6_jpg.rf.293bf28d70bd0a7dedc1bebc8ffa370e.jpg 180,2,271,118,0
soooo_jpg.rf.17d68b9e3ff6fbaee3ffdda5e581560f.jpg 252,70,322,129,1 240,120,269,151,0 81,158,149,223,0 70,120,106,154,0
r1p00017o80q34s9781_jpg.rf.2b39d92d8b2f1b4d868ca7a4f4a86046.jpg 94,58,134,113,1 212,19,306,150,0
0109-00176-096b1_jpg.rf.2a81fbd11833ec2a8e269c9f9a7ee16d.jpg 178,24,290,150,0
1125506397_15801322207531n_jpg.rf.2a916414b6c7a17340df4b0d3d3426cc.jpg 320,135,348,171,0 201,139,228,176,0 105,116,133,153,0
1125506397_15801322207071n_jpg.rf.2dff6fa4806163aed8ba3bd8e44ffb57.jpg 358,65,390,103,0 292,70,328,117,0 205,124,237,167,0 176,85,207,126,0 154,104,175,130,0 97,88,135,135,0 63,76,93,112,0
1553605632_9d5877d8_60_jpg.rf.2ab3ca01d8b0637ae0e7e75a6a6810cf.jpg 326,302,348,329,0 353,287,387,339,0 307,256,340,291,0 83,269,145,347,0 1,249,69,327,0 25,106,51,136,0 44,80,71,119,0
RZXE24HFK5GSVKVSN57VCVPQ4M_jpg.rf.2eda4162a8e58987d6a39d8917f739be.jpg 171,114,190,134,1 179,134,202,157,1 327,109,364,149,1 154,122,170,139,0 200,119,221,142,0 254,123,288,161,0 301,129,327,157,0 370,122,398,161,0 92,104,117,135,0
000b7b75-1600_jpg.rf.28e7efb7658afa4b77a2422dff81ed36.jpg 72,107,114,153,1 263,124,297,165,1 311,148,361,209,0 200,134,241,190,0 0,144,30,192,0 127,117,155,146,0 150,138,192,185,0 49,139,106,205,0
shutterstock_584407723_jpg.rf.308f52c2b39566e6ec3b87ab0ae061c6.jpg 329,122,358,156,0 220,124,259,180,0 133,141,167,180,0
shutterstock_editorial_10536831j_2e16d0ba_fill-1200x650_jpg.rf.2de1b5382d51994f28a8af0de2c73a14.jpg 304,165,312,174,0 372,169,408,204,0 352,182,369,201,0 316,173,330,188,0 264,170,272,181,0 270,164,278,173,0 277,174,286,181,0 209,175,216,184,1 231,179,245,198,0 187,172,198,184,0 168,173,181,186,0 99,180,109,189,0 22,182,29,190,0 15,183,24,193,0 55,186,62,194,0 142,179,153,192,0 125,178,133,188,0 32,183,42,193,0 43,182,54,194,0 4,188,17,202,0 11,193,26,211,0 39,205,63,227,0 113,183,131,201,0 131,197,146,217,0 86,186,110,217,0 58,190,92,229,0 111,220,150,262,0 164,222,185,248,0 197,187,213,209,0 174,188,192,206,0 211,192,234,215,0 191,208,233,253,0 255,189,279,218,0 279,188,359,284,0
skypost16012020a01s_jpg.rf.2e7b92a9aa5a7f1771f990c207999373.jpg 277,115,305,148,1 354,124,383,159,1 388,151,413,195,1 226,209,279,263,1 241,180,288,225,1 212,143,244,187,1 186,132,218,173,1 87,131,123,175,1 36,142,72,181,1 62,155,98,205,1 60,203,103,248,1 118,186,163,242,1 329,198,387,263,0 159,181,206,241,0
shutterstock_289132226_jpg.rf.2e27df59b11b84f189f7d435152bc858.jpg 266,114,328,176,0 176,105,239,169,0 78,99,137,170,0
1196686205_jpg_14_jpg.rf.32e274db21611cfa9d97a8d75d64cd55.jpg 249,185,277,217,0 136,165,166,198,0 181,137,214,170,0
Untitled-design-13_png_jpg.rf.2d28377b21ca6af922be71d65ee58d0c.jpg 201,167,284,253,0
1482202839575_jpg.rf.2f648bddb4f1f6b690b48b04648d0df1.jpg 66,169,82,192,1 313,158,338,190,1 367,149,395,180,1 193,134,225,170,1 265,133,294,165,0
0_10725_jpg.rf.34e757bb9d216138c6f4f6ac2662f2e1.jpg 300,197,366,271,0 96,138,151,202,0 244,131,303,196,1 56,195,123,274,1
1155x768_20200129000089_jpg.rf.33fa0343c70614717d2ce0c6c28a6ff0.jpg 359,118,415,249,0 284,145,332,201,0 163,142,219,216,0 27,143,56,176,0
135e-huxwryw6451820_jpg.rf.32f593094ac9965d745d7f9cab93b17f.jpg 90,0,314,312,0
smartmi-3pcs-filter-mask-pm25-haze-dustproof-mask-with-vent_jpg.rf.2dd2400d460783e1286efc5bf0141273.jpg 268,71,382,219,0 7,23,153,208,0
1155x768_20200129000089_jpg.rf.33ecf058cf4ab2eea62f10a2f085512f.jpg 359,118,415,249,0 284,145,332,201,0 163,142,219,216,0 27,143,56,176,0
0_10725_jpg.rf.3a14d0ca102e86f7284c7aae480cb20c.jpg 300,197,366,271,0 96,138,151,202,0 244,131,303,196,1 56,195,123,274,1
1140-travelers-at-hong-kong-airport_jpg.rf.35e01d2370d78d325c06913965b522e3.jpg 18,133,40,159,1 343,90,375,126,0 101,98,133,134,0 185,171,210,203,0
shutterstock_1145933543-e1579497052960_jpg.rf.391e1713ab77245e8ea7505240b6d496.jpg 209,82,335,235,0
r1000019q679o5611r7_jpg.rf.3788fa1b9c5b5f61aad3cc0f8eda51e4.jpg 135,4,246,121,0
sdsdsff_jpg.rf.34dcac8d82836e5be80e31016e5e2000.jpg 312,121,355,171,0 247,125,297,173,0 164,136,205,182,0 90,125,125,170,0 7,133,42,175,0
REVZGCBIJNQPMIIXOKDCQA3GJI_jpg.rf.3e07cd7f7708f0da9da1f58454b04ce6.jpg 286,145,299,165,0 296,105,366,199,0 242,171,282,220,0 175,175,218,229,0 156,154,189,203,0 11,114,82,194,0
Smog-Mask-PM2-5-Carbon-Filter-Face-Masks-Fog-Dust-Air-Cleaner-anti-pollution-Face-Protector_jpg.rf.3aeda1631798dec407de757d1dcc89f2.jpg 25,228,116,358,0 159,228,264,363,0 306,228,395,356,0 304,44,388,166,0 162,48,249,167,0 27,48,110,170,0
us-state-department-warns-against-visiting-china-citing-coronavirus_jpg.rf.372ad01f8c50e616a98a08748ca4e27b.jpg 242,122,263,148,1 89,113,118,140,0 38,138,80,175,0 211,119,241,153,0 351,103,389,143,0
1539151332674193npsrq70_jpg.rf.3e557d4b9cd77ea1ce13573095168ba0.jpg 158,29,208,84,0
1580048340614_jpg.rf.3a8e50d59ff48af997003776da37e156.jpg 107,144,141,194,1 264,101,291,133,1 268,236,349,322,0 251,140,292,214,0 374,154,413,211,0 366,105,397,146,0 302,153,341,206,0 199,133,258,217,0 150,168,197,233,0 83,183,137,260,0 2,191,76,306,0
sdfsdfsfff_jpg.rf.3c994490fdddfbb68fb9a8a35141c71f.jpg 157,93,277,252,0
TB2R28UvUOWBKNjSZKzXXXfWFXa_--1116877752_jpg.rf.37bcd83c636e2187d98b4d2a37300038.jpg 230,81,379,255,0 55,40,205,218,0
skypost16012020a01s_jpg.rf.3ea4f18f8aeb2680141b1fd4df23353f.jpg 277,115,305,148,1 354,124,383,159,1 388,151,413,195,1 226,209,279,263,1 241,180,288,225,1 212,143,244,187,1 186,132,218,173,1 87,131,123,175,1 36,142,72,181,1 62,155,98,205,1 60,203,103,248,1 118,186,163,242,1 329,198,387,263,0 159,181,206,241,0
15-08608-001_jpg.rf.3ba2bb791435a2da8addbdc72daa5470.jpg 47,159,98,227,1 300,160,344,223,0 243,106,287,170,0 111,120,151,189,0
1155x768_20200129000089_jpg.rf.3dc75871ad2f285d6d8423193b9ab708.jpg 359,118,415,249,0 284,145,332,201,0 163,142,219,216,0 27,143,56,176,0
r1p00017o80q34s9781_jpg.rf.3fc99f71a1c0dc7aa0c89b0547de5c1d.jpg 94,58,134,113,1 212,19,306,150,0
us-state-department-warns-against-visiting-china-citing-coronavirus_jpg.rf.3fe20d4227f08175d1d1f24483aae4af.jpg 242,122,263,148,1 89,113,118,140,0 38,138,80,175,0 211,119,241,153,0 351,103,389,143,0
w1240-p16x9-6f1db5e0460631cfa98d2d6d8032942f81700bb0_jpg.rf.3b3f47aaf4c07ea0986b0e4c48812220.jpg 344,93,414,194,1 263,112,349,221,0 143,159,235,258,0 38,203,114,285,0
0_8w7mkX-PHcfMM5s6_jpeg_jpg.rf.390999ef3423a5550c674b5fcc89bf44.jpg 289,114,300,127,0 38,217,52,234,1 61,235,74,252,1 0,190,12,207,0 44,189,63,206,0 23,186,37,202,0 31,104,44,116,0 31,112,42,125,0 64,162,77,178,0 48,159,62,175,0 96,123,107,135,0 87,135,98,149,0 52,137,65,152,1 83,127,94,140,1 103,137,115,151,1 119,133,131,146,1 138,122,149,138,1 101,168,115,184,0 135,158,150,175,0 147,137,160,153,0 128,113,140,127,0 104,99,114,110,0 118,91,128,103,0 127,82,136,94,0 145,63,154,73,0 142,73,151,84,0 157,75,167,87,0 162,89,172,100,1 159,114,171,127,0 174,86,185,98,0 169,72,179,83,0 184,63,192,71,0 193,76,202,86,0 207,80,216,87,0 202,96,213,107,0 167,157,183,176,0 224,153,237,169,0 227,138,239,154,0 204,122,216,136,0 182,146,198,163,0 194,157,208,174,0 215,160,230,178,0 270,163,284,179,0 243,162,259,183,0 257,138,269,154,0 262,103,273,116,1 275,94,284,106,1 221,63,230,75,0 219,85,229,97,0 232,73,242,85,0 259,80,270,92,0 254,109,265,122,0 256,63,266,70,0 273,76,282,86,0 283,79,294,91,0 288,83,298,94,0 314,63,323,70,0 298,87,308,98,0 356,69,365,80,0 335,76,345,88,0 325,85,335,94,0 302,97,311,107,1 345,84,354,93,1 394,65,403,76,1 380,71,391,82,0 366,76,377,89,0 356,103,367,115,0 337,103,348,116,0 315,122,327,137,0 349,119,360,132,0 379,106,390,120,0 401,83,413,98,0 389,107,401,120,0 372,135,381,145,0 356,146,370,161,0 346,135,358,149,0 330,141,345,157,0 407,193,415,212,0 376,145,390,161,0 371,176,385,194,0 363,186,380,205,0 298,168,314,185,0 279,172,295,192,0 290,182,306,202,0 142,182,161,202,0 169,175,185,193,0 196,180,215,201,0 180,206,197,226,0 359,160,373,176,0 238,198,258,220,0 179,205,179,205,0 186,218,207,240,0 19,248,45,271,0 363,324,388,350,0 291,204,309,224,0 278,207,298,229,0 383,204,400,225,0 380,222,403,249,0 382,274,401,299,0 364,276,387,304,0 299,306,324,336,0 258,284,280,311,0 239,264,260,289,0 214,298,238,323,0 182,278,197,298,0 157,315,183,342,0 92,320,115,345,0 147,231,166,250,0 110,214,127,233,0 99,224,119,246,0 149,253,165,272,0 160,252,177,275,0 124,271,146,295,0
UDD3JG3E4JFQ5KSFNGQQ5REINU_jpg.rf.324db764bdcae4514f14378bf79ae6bc.jpg 207,103,230,123,0 270,109,297,142,1 327,104,350,133,0 350,164,374,204,1 365,151,414,215,0 317,133,349,179,0 274,142,315,192,0 226,140,260,181,0 205,124,228,158,0 196,118,219,143,0 182,121,197,145,0 158,115,184,146,0 98,121,125,149,0 67,124,90,148,0 2,125,34,161,0
1224331650_g_400-w_g_jpg.rf.386f471ad25fe3cf2661cd296cda8a11.jpg 221,16,410,184,0 247,225,384,379,0 32,15,152,130,0 46,242,154,352,0
w1240-p16x9-coronavirus_CHINA-HEALTH_jpg.rf.487ceb2106bd36ac06255485860cc308.jpg 79,123,97,143,0 96,91,119,117,0 235,98,276,147,0 329,169,364,210,0
Smog-Mask-PM2-5-Carbon-Filter-Face-Masks-Fog-Dust-Air-Cleaner-anti-pollution-Face-Protector_jpg.rf.4163ad6aa845bffe8d31d3bf9a18353b.jpg 25,228,116,358,0 159,228,264,363,0 306,228,395,356,0 304,44,388,166,0 162,48,249,167,0 27,48,110,170,0
1125506397_15801322207531n_jpg.rf.3ea4fbff2c684f341b7f17b0719b080b.jpg 320,135,348,171,0 201,139,228,176,0 105,116,133,153,0
1477443223-1445746883_jpg.rf.4836beac6d1d2b2a1486d3a6919a67ad.jpg 255,99,386,262,0 13,109,125,238,0
126202-untitled-design-13_jpg.rf.41ffb9596912e14dce25ffea817a4f06.jpg 324,96,387,175,0 234,139,325,268,0 161,123,239,225,0 70,176,144,270,0 2,129,77,249,0
shutterstock_1627199179_jpg.rf.42f4b192aa5d41258cdde728eae443a2.jpg 367,70,414,116,0 73,86,140,169,0 18,119,107,236,0 133,110,222,201,0 278,103,393,238,0
1197315184_jpg_0_jpg.rf.474e1be0903c880e1636cfd57ca38081.jpg 65,177,86,202,0 193,166,214,194,1 330,202,368,246,1 345,167,370,195,0 307,175,331,206,0 241,159,269,185,0 241,191,273,229,0 165,201,206,244,0 96,183,123,211,0 31,163,68,203,0
1580166133-5b61094cac11561b0cbe09826e32a924_jpg.rf.4aac8a0c9455ef3c34e13181ab8d0907.jpg 3,179,86,331,0 44,90,113,176,0 21,131,91,219,0 101,126,177,237,0 253,70,317,140,0 351,71,414,150,0 321,172,408,281,0 181,138,285,282,0
0002526673_jpg.rf.4107924b5a7b589ad369634d2bf5036a.jpg 69,164,86,182,0 158,143,206,200,0
w1240-p16x9-coronavirus_CHINA-HEALTH_jpg.rf.4454f94eff15ddf578c0f9b93ff92530.jpg 79,123,97,143,0 96,91,119,117,0 235,98,276,147,0 329,169,364,210,0
1580173904-0001oc33f_jpg.rf.420fba03432c19ee573c2c4c5a43cc9a.jpg 128,167,139,179,0 1,163,11,181,0 180,172,188,185,0 6,179,31,205,0 43,170,53,184,0 103,162,114,177,0 123,182,147,212,0 16,199,49,229,0 62,164,101,208,0 257,175,272,193,0 270,188,295,219,0 228,184,253,213,0 151,169,178,210,0 172,205,212,255,0 378,220,406,283,0 319,178,390,276,0
012420_coronoa_masks_web_jpg.rf.478823aab28c8388254c781565cb2928.jpg 28,145,66,189,1 332,92,354,106,0 367,182,408,237,0 355,101,390,151,0 295,93,330,131,0 248,145,287,193,0 256,92,290,130,0 187,93,224,129,0 90,93,124,128,0 187,131,222,175,0 197,216,236,266,0 216,239,263,291,0 136,274,181,320,0 2,254,41,310,0 53,216,83,259,0 33,232,72,280,0 11,114,48,154,0 97,150,140,196,0
pjecDNMmCUQmbDoJx1fdqolnfHtpsfFK8jTA2Ng0wNg_jpeg_jpg.rf.4af348783edb56ab7082f3d9a6884985.jpg 308,134,355,207,1 44,125,81,168,0 111,143,147,183,0 164,114,210,174,0 245,159,280,200,0 335,114,386,182,0
w1240-p16x9-0e48e0098f6e832f27d8b581b33bbc72b9967a63_jpg.rf.4ccf8508ff9e3d8bc30ce9445486db3c.jpg 226,95,338,195,0 62,112,171,204,0
RZXE24HFK5GSVKVSN57VCVPQ4M_jpg.rf.4b0c76299a14b8d9003ec1f0266307b7.jpg 171,114,190,134,1 179,134,202,157,1 327,109,364,149,1 154,122,170,139,0 200,119,221,142,0 254,123,288,161,0 301,129,327,157,0 370,122,398,161,0 92,104,117,135,0
125895-untitled-design-30_jpg.rf.4107d74450bcb2afcc438214aa8fc154.jpg 322,93,335,110,0 222,98,241,119,0 160,94,173,106,0 182,99,196,113,0 97,96,119,126,0 85,106,107,138,0 45,198,95,257,0 124,179,158,228,0 157,139,189,179,0 211,129,239,167,0 220,161,253,204,0 256,125,288,163,0 328,110,349,139,0 346,95,365,112,0 302,110,320,133,1
1482202839575_jpg.rf.4819e5dcaf961293be970a90c31c0258.jpg 66,169,82,192,1 313,158,338,190,1 367,149,395,180,1 193,134,225,170,1 265,133,294,165,0
1024x576_939430607723_jpg.rf.4dc4bf451dfdb0fb4c7483020b2927ab.jpg 324,130,368,184,0 242,155,274,194,0 196,114,231,159,0 149,123,184,165,0 48,140,82,183,0 2,129,31,170,0
pollution-mask-CE5HYF_jpg.rf.4b720adced24d68a259132d712420cbe.jpg 262,138,336,247,0 156,90,270,237,0
1580128422_jpg.rf.456607d37b2ccc34a2d15b48132120aa.jpg 80,210,128,266,1 356,217,402,280,0 308,190,345,245,0 242,207,292,264,0
001_1024_jpeg_jpg.rf.4dba35448e63f02ca5c1b8f2397fcbbc.jpg 349,227,372,255,0 318,188,352,225,0 288,208,318,242,0 246,185,293,228,0 83,91,152,171,0 191,139,243,199,0
1579928067_250120120154270000005e2bca03bf464_jpg.rf.52c2571d3ac8fe174076ab7221f133fb.jpg 359,103,385,133,0 318,93,342,125,0 42,102,66,127,0 78,89,122,140,0 283,120,294,136,1 238,116,250,132,1
0209-00176-076b1_jpg.rf.4daf6385274d11adbed411884e3b6019.jpg 41,69,73,106,0 79,94,141,171,1 309,76,388,178,0 156,96,226,175,0
0209-00176-076b1_jpg.rf.5a4d85f6b65c98671d5e1a5111f05d8d.jpg 41,69,73,106,0 79,94,141,171,1 309,76,388,178,0 156,96,226,175,0
1196686205_jpg_14_jpg.rf.5190296e1215c34a7f07a8a773f46fca.jpg 249,185,277,217,0 136,165,166,198,0 181,137,214,170,0
shutterstock_1627199179_jpg.rf.593d727da11358283063714fe5334dc4.jpg 367,70,414,116,0 73,86,140,169,0 18,119,107,236,0 133,110,222,201,0 278,103,393,238,0
RTX7CCFN_jpg.rf.553faabb1d12b27c79c215eb83921640.jpg 48,121,67,143,0 190,89,247,158,0
UDD3JG3E4JFQ5KSFNGQQ5REINU_jpg.rf.52eaf698de58f92d7fbb8042003e4d90.jpg 207,103,230,123,0 270,109,297,142,1 327,104,350,133,0 350,164,374,204,1 365,151,414,215,0 317,133,349,179,0 274,142,315,192,0 226,140,260,181,0 205,124,228,158,0 196,118,219,143,0 182,121,197,145,0 158,115,184,146,0 98,121,125,149,0 67,124,90,148,0 2,125,34,161,0
Surgical-Mask-Effectiveness_jpg.rf.5d0a827ae2f321b319c98527f5f0615b.jpg 194,116,350,299,0 58,126,208,291,0
RTX7CCFN_jpg.rf.577f30cb5e877e102e01b18129473f2d.jpg 48,121,67,143,0 190,89,247,158,0
shutterstock_289132226_jpg.rf.5a80f4b7c0fb313b2b167e0d09b56fde.jpg 266,114,328,176,0 176,105,239,169,0 78,99,137,170,0
sdsdsff_jpg.rf.5c1c13a415e3a4ef62a89fe7856e7325.jpg 312,121,355,171,0 247,125,297,173,0 164,136,205,182,0 90,125,125,170,0 7,133,42,175,0
thumbnail-ba5c72edb320b49a69e86b05775c49b2-scaled-1_jpeg_jpg.rf.5e84e212bf51181de5c394061e846a6f.jpg 253,121,269,142,1 84,129,98,144,0 371,69,412,119,0 270,93,311,137,0 203,88,242,132,0 161,85,194,125,0 104,109,134,144,0 52,103,78,132,0 11,106,39,135,0
sdgdsgsg_jpg.rf.56a11b5c5e773ca2ec379afddc75d5b4.jpg 2,85,77,225,0 329,147,415,292,0 134,67,273,225,0
0200b38c89b16c37c5de8e247bb00c2f_jpg.rf.453efd19cd511f09806c660cef39a8f5.jpg 246,83,284,129,0 102,117,128,147,1 150,75,178,109,1
1224331650_g_400-w_g_jpg.rf.512ca497fa04bb4dc010108760311fcd.jpg 221,16,410,184,0 247,225,384,379,0 32,15,152,130,0 46,242,154,352,0
W37H3GWNO5EV5HTJQNP4KLIRGI_jpg.rf.4fe0403d5c64b1aa2b8b58033d81421f.jpg 205,82,306,181,0
1580053154-5839_jpg.rf.605cc55ecfc4ff384f3b1ae098c9104e.jpg 26,95,88,179,0 245,70,285,123,0 311,73,366,148,0 221,91,266,171,0 164,90,218,160,0 75,107,138,203,0 199,164,257,252,0
15391513329330sooq10859_jpg.rf.55861f9c3511aaf849da122a8aece36f.jpg 148,36,254,166,0
15-08608-001_jpg.rf.5f299ea591431fcaf6e023ca98bbcfdf.jpg 47,159,98,227,1 300,160,344,223,0 243,106,287,170,0 111,120,151,189,0
IMG_5690-2_jpg.rf.581a95fbc192a036e8d4b665c066656b.jpg 220,168,270,227,0 141,173,192,234,0
soo-1-_jpg.rf.57c1e9ae815c6b0ca8c8cb1f71d6092e.jpg 310,208,331,234,0 328,188,353,216,1 372,190,409,225,1 219,122,254,168,0 131,120,183,171,0 64,127,109,179,0
Surgical-Mask-Effectiveness_jpg.rf.62f985d85517860ec33ad123ad31dd25.jpg 194,116,350,299,0 58,126,208,291,0
sgssgg_jpeg_jpg.rf.564cc20d4e76bcd2f3bcc2c87153d350.jpg 42,189,72,238,0 0,176,52,237,0 74,217,118,264,0 94,156,128,192,0 127,146,154,179,0 183,173,220,211,0 208,144,239,176,0 263,165,290,199,0 297,184,327,217,0 327,192,369,246,0
1030611863_jpg.rf.5cdb94953df4bcc095d1550ce3c361db.jpg 96,184,102,193,0 388,190,400,204,0 236,186,247,199,1 258,178,285,215,0 189,167,221,210,0 143,156,173,193,0 16,183,29,200,1 116,181,129,197,1
135e-huxwryw6451820_jpg.rf.636a294c0a5392d9e1ccb9adfa2cf69e.jpg 90,0,314,312,0
1579683152-0e3ba5698b090c0fda95caa5d2aa7b31_jpg.rf.635b74a1884d0016956bc0ec2ae49371.jpg 226,54,341,192,0
1000x-1_jpg.rf.60e67c88e800042c0278ee2ee02dc086.jpg 383,157,415,225,1 206,106,254,179,0 335,127,393,214,0 285,225,356,322,0 61,125,106,201,1 252,112,300,182,1 95,202,154,284,1 173,129,223,206,0 9,124,71,208,0
rally-against-an-anti-mask-law-meant-to-deter-anti-government-protesters-in-hong-kong-china-shutterstock-editorial-10435716z_jpg.rf.62d32f9b512d6b9af773b1ca19fb55c2.jpg 94,136,120,164,0 381,187,404,210,0 375,158,392,179,0 306,178,325,198,0 365,175,388,203,0 281,171,304,203,0 318,127,373,189,0 185,88,231,143,0 90,159,118,192,0 33,128,81,197,0 5,178,42,213,0 3,133,34,172,0
thai_cov-transmission030220_jpg.rf.5d1496730c5706bd7b57e21e15120d60.jpg 317,110,338,132,0 202,123,219,161,0 116,99,158,164,0 62,93,127,143,0 149,120,176,168,0 171,112,203,159,0 386,130,403,157,0 330,123,350,154,0 343,117,380,154,0 298,121,334,160,0 255,102,289,142,0 263,127,302,175,0 269,191,314,243,0
1197315184_jpg_0_jpg.rf.68123138d8a668356add17ed2b3755a6.jpg 65,177,86,202,0 193,166,214,194,1 330,202,368,246,1 345,167,370,195,0 307,175,331,206,0 241,159,269,185,0 241,191,273,229,0 165,201,206,244,0 96,183,123,211,0 31,163,68,203,0
000_1OC3DT_jpg.rf.6a85830a148ef7f8875e2ab9a8c79c86.jpg 345,160,414,244,0 308,190,366,263,0 335,106,398,167,0 274,90,328,152,0 226,186,289,258,0 196,164,249,230,0 176,95,221,152,0 145,101,185,144,0 119,186,177,251,0 114,96,151,141,0 60,88,107,144,0 2,85,53,145,0 35,170,91,230,0
1125506397_15801322207071n_jpg.rf.67aa0676e2d3937226f66512b4d14814.jpg 358,65,390,103,0 292,70,328,117,0 205,124,237,167,0 176,85,207,126,0 154,104,175,130,0 97,88,135,135,0 63,76,93,112,0
w1240-p16x9-6f1db5e0460631cfa98d2d6d8032942f81700bb0_jpg.rf.65e3f08aa6d01f0da740a011b98f31df.jpg 344,93,414,194,1 263,112,349,221,0 143,159,235,258,0 38,203,114,285,0
10fea_8011463765e2aa28b386cf_jpg.rf.5f9844611907ee80bc40b0c662e46ee8.jpg 287,84,345,156,1 33,91,173,273,0
1288126-10255706714jpg_jpg.rf.69fd872ac80d979dd3ab39389051f152.jpg 123,144,188,228,0 216,177,271,243,0
soooo_jpg.rf.6af984aa97e30b0e5ba5adcf20be6ac4.jpg 252,70,322,129,1 240,120,269,151,0 81,158,149,223,0 70,120,106,154,0
r1p00017o8357s6sno6_jpg.rf.63669527dd6123c630003540718e5541.jpg 180,2,271,118,0
0200b38c89b16c37c5de8e247bb00c2f_jpg.rf.6c2a9199a9ee08fd3de21bf51773dab7.jpg 246,83,284,129,0 102,117,128,147,1 150,75,178,109,1
w1240-p16x9-6f1db5e0460631cfa98d2d6d8032942f81700bb0_jpg.rf.637a1972f384e8d3a971b397dfa85200.jpg 344,93,414,194,1 263,112,349,221,0 143,159,235,258,0 38,203,114,285,0
1024x576_939430607723_jpg.rf.6a28118b20020000db702719131e1500.jpg 324,130,368,184,0 242,155,274,194,0 196,114,231,159,0 149,123,184,165,0 48,140,82,183,0 2,129,31,170,0
1580053154-5839_jpg.rf.6da6d3d8821be15453173dc8f75442dd.jpg 26,95,88,179,0 245,70,285,123,0 311,73,366,148,0 221,91,266,171,0 164,90,218,160,0 75,107,138,203,0 199,164,257,252,0
phpM5suKS_jpg.rf.6c82308d15e95293cdf961716e8bc79f.jpg 117,95,147,170,1 75,85,124,178,1 255,99,302,204,0 331,61,413,184,1 0,19,96,170,0 146,56,265,234,0
002_1024_jpeg_jpg.rf.711169b48f08a6c39f38add1a39034be.jpg 127,163,192,236,0 52,169,107,233,0 1,161,20,222,0
TB2R28UvUOWBKNjSZKzXXXfWFXa_--1116877752_jpg.rf.7249120d31124112ce4c1a99d91cab86.jpg 230,81,379,255,0 55,40,205,218,0
000b7b75-1600_jpg.rf.6c647674b64df68202acc4c6ac7986d0.jpg 72,107,114,153,1 263,124,297,165,1 311,148,361,209,0 200,134,241,190,0 0,144,30,192,0 127,117,155,146,0 150,138,192,185,0 49,139,106,205,0
ST_20170401_EASAND_3046471_jpg.rf.734d663cdae798ef5632cad83f040817.jpg 347,76,398,135,0 329,88,364,140,0 283,83,333,143,0 246,94,288,155,0 213,112,259,171,0 184,103,226,160,0 76,112,127,170,0 4,112,49,168,0
1482202839575_jpg.rf.71ce5c166fc6c3075a7b154b7f26f099.jpg 66,169,82,192,1 313,158,338,190,1 367,149,395,180,1 193,134,225,170,1 265,133,294,165,0
1477443223-1445746883_jpg.rf.6e50102b956bacab5808f24bb3a23515.jpg 255,99,386,262,0 13,109,125,238,0
1000x-1_jpg.rf.72c30596bc7686cbff3d1b3b4d345a52.jpg 383,157,415,225,1 206,106,254,179,0 335,127,393,214,0 285,225,356,322,0 61,125,106,201,1 252,112,300,182,1 95,202,154,284,1 173,129,223,206,0 9,124,71,208,0
001_1024_jpeg_jpg.rf.703ac68d0cc57dfa941f47033f582d01.jpg 349,227,372,255,0 318,188,352,225,0 288,208,318,242,0 246,185,293,228,0 83,91,152,171,0 191,139,243,199,0
1152x768_246964803156_jpg.rf.72d1204421ac4823fc8767f377f5b1ee.jpg 184,111,219,152,0 26,122,42,149,0 13,101,33,124,1 263,96,287,128,1 58,115,88,149,0 318,78,354,126,0 230,98,256,131,1 94,98,116,122,1 133,101,157,135,1
012420_coronoa_masks_web_jpg.rf.6becf4ad6c7709067b5569d7cff976d4.jpg 28,145,66,189,1 332,92,354,106,0 367,182,408,237,0 355,101,390,151,0 295,93,330,131,0 248,145,287,193,0 256,92,290,130,0 187,93,224,129,0 90,93,124,128,0 187,131,222,175,0 197,216,236,266,0 216,239,263,291,0 136,274,181,320,0 2,254,41,310,0 53,216,83,259,0 33,232,72,280,0 11,114,48,154,0 97,150,140,196,0
PhotoGrid_1580452532909_jpg.rf.8020a68ec704abf0c8ecf23529a1159c.jpg 385,150,410,178,0 333,156,360,183,0 297,150,321,174,0 261,151,283,175,0 226,143,247,166,0 172,144,195,169,0 128,136,149,161,0 105,127,124,152,0 84,145,107,173,0 44,144,68,172,0 2,142,25,170,0
us-state-department-warns-against-visiting-china-citing-coronavirus_jpg.rf.743fd6c0a27c8ee086c99a1117a56c0f.jpg 242,122,263,148,1 89,113,118,140,0 38,138,80,175,0 211,119,241,153,0 351,103,389,143,0
IMG_5690-2_jpg.rf.76bad07a4a8195f9c88c64ad512a637f.jpg 220,168,270,227,0 141,173,192,234,0
sdfsdfsfff_jpg.rf.74f7b26a0f3e6bdff127a8098c4aae29.jpg 157,93,277,252,0
0602623232127-web-tete_jpg.rf.797c39457f2f12b12975f84c3f104d3c.jpg 66,139,99,185,1 163,144,228,217,1 192,92,213,117,1 125,92,149,117,1 246,116,274,151,1 144,108,178,149,1 34,104,74,147,1 34,248,73,291,1 108,164,156,230,0 209,96,238,131,0 262,122,296,164,0 327,105,387,173,0 266,195,330,281,0
1030611863_jpg.rf.75407c55c6c36d019599cf37eb423f85.jpg 96,184,102,193,0 388,190,400,204,0 236,186,247,199,1 258,178,285,215,0 189,167,221,210,0 143,156,173,193,0 16,183,29,200,1 116,181,129,197,1
101d6660a8974050b613dd2e6bd59390_jpg.rf.737b3a60ef88c7331149090bee077ade.jpg 335,140,382,202,0 208,105,253,168,0 173,155,220,215,0 59,143,114,204,0
1125506397_15801322207531n_jpg.rf.7c43d1e83f78a58deab7c17847dfef20.jpg 320,135,348,171,0 201,139,228,176,0 105,116,133,153,0
004_1024_jpeg_jpg.rf.843b8d647acba7e76bb31ba11a22730f.jpg 132,110,232,224,0
r1p00017o80q34s9781_jpg.rf.790a8de7359b90799907f908ca0273dc.jpg 94,58,134,113,1 212,19,306,150,0
1125506397_15801322207071n_jpg.rf.73bc96d7118fcf0f113cdce5b29a3b93.jpg 358,65,390,103,0 292,70,328,117,0 205,124,237,167,0 176,85,207,126,0 154,104,175,130,0 97,88,135,135,0 63,76,93,112,0
1_13_jpg.rf.80fea4f59f101940eeb0de22bec4cff0.jpg 355,143,403,201,0 330,163,352,193,0 236,102,255,131,0 194,116,223,149,0 134,100,162,129,0 47,117,105,188,0
UDD3JG3E4JFQ5KSFNGQQ5REINU_jpg.rf.7e1abb4dc353b6e7c8fb40cd1f9a9913.jpg 207,103,230,123,0 270,109,297,142,1 327,104,350,133,0 350,164,374,204,1 365,151,414,215,0 317,133,349,179,0 274,142,315,192,0 226,140,260,181,0 205,124,228,158,0 196,118,219,143,0 182,121,197,145,0 158,115,184,146,0 98,121,125,149,0 67,124,90,148,0 2,125,34,161,0
PHOTriZgIKIgsnNLdBJG75vj200203_1000x2000_jpg.rf.7d85fad2e673f7c32729b3bc7ca3a08c.jpg 316,126,362,179,0 239,143,281,188,0 179,117,214,161,0 91,83,131,131,0
1288126-10255706714jpg_jpg.rf.8385657b04ff16bae9812545e488509b.jpg 123,144,188,228,0 216,177,271,243,0
thumbnail-ba5c72edb320b49a69e86b05775c49b2-scaled-1_jpeg_jpg.rf.81e36d78793c1c626dbd0603c0c682e9.jpg 253,121,269,142,1 84,129,98,144,0 371,69,412,119,0 270,93,311,137,0 203,88,242,132,0 161,85,194,125,0 104,109,134,144,0 52,103,78,132,0 11,106,39,135,0
r1400018548960op29s_jpg.rf.81ba0e33422fc78fa00b5dc849ced6b5.jpg 131,27,240,135,0
1140-travelers-at-hong-kong-airport_jpg.rf.85d772dd07bda33bd37cc29ee61aa28e.jpg 18,133,40,159,1 343,90,375,126,0 101,98,133,134,0 185,171,210,203,0
r1000019q689461s9r0_jpg.rf.7cdc5055bef340b19d8e698125070ea5.jpg 228,50,309,147,0
0109-00176-096b1_jpg.rf.86387f7bfa7d0ca7301983a3d9c15027.jpg 178,24,290,150,0
1553605632_9d5877d8_60_jpg.rf.853aa19975865cfd10cd1533ae5d2af6.jpg 326,302,348,329,0 353,287,387,339,0 307,256,340,291,0 83,269,145,347,0 1,249,69,327,0 25,106,51,136,0 44,80,71,119,0
1125506397_15801322206581n_jpg.rf.85ffa8795066e8f79e003b8009e53301.jpg 311,109,384,195,0 191,99,246,167,0 95,94,171,175,0
1539151332674193npsrq70_jpg.rf.8b3bb02e165f0e21b31cdc105fecc038.jpg 158,29,208,84,0
thai_cov-transmission030220_jpg.rf.8a8a3631e54a438ec00b7f983d61db70.jpg 317,110,338,132,0 202,123,219,161,0 116,99,158,164,0 62,93,127,143,0 149,120,176,168,0 171,112,203,159,0 386,130,403,157,0 330,123,350,154,0 343,117,380,154,0 298,121,334,160,0 255,102,289,142,0 263,127,302,175,0 269,191,314,243,0
soo-1-_jpg.rf.8dcce38fa34e3ce8f7c8a3418b2adfd6.jpg 310,208,331,234,0 328,188,353,216,1 372,190,409,225,1 219,122,254,168,0 131,120,183,171,0 64,127,109,179,0
1422808187-3291816118_jpg.rf.86e99f63a55557e303faffbca99b05af.jpg 134,102,277,272,0
PhotoGrid_1580452532909_jpg.rf.7ce87b3549966dd57a0cc94a0cbbddc7.jpg 385,150,410,178,0 333,156,360,183,0 297,150,321,174,0 261,151,283,175,0 226,143,247,166,0 172,144,195,169,0 128,136,149,161,0 105,127,124,152,0 84,145,107,173,0 44,144,68,172,0 2,142,25,170,0
15391513321824spp815on8_jpg.rf.8561e63d35a641b15f0f73de68956f8b.jpg 70,122,132,207,1 281,58,346,247,1 160,22,263,170,0
012420_coronoa_masks_web_jpg.rf.84843e3893ed4b2a3c72d4da43bda8bd.jpg 28,145,66,189,1 332,92,354,106,0 367,182,408,237,0 355,101,390,151,0 295,93,330,131,0 248,145,287,193,0 256,92,290,130,0 187,93,224,129,0 90,93,124,128,0 187,131,222,175,0 197,216,236,266,0 216,239,263,291,0 136,274,181,320,0 2,254,41,310,0 53,216,83,259,0 33,232,72,280,0 11,114,48,154,0 97,150,140,196,0
1579683152-0e3ba5698b090c0fda95caa5d2aa7b31_jpg.rf.8ce0783e19a2083b8db4a170ba39a38a.jpg 226,54,341,192,0
sdfsdfsfff_jpg.rf.8cdaab4194d7c1aa414439fdefc5f651.jpg 157,93,277,252,0
smartmi-3pcs-filter-mask-pm25-haze-dustproof-mask-with-vent_jpg.rf.9703d27d4d8d32f34b6489dce3755017.jpg 268,71,382,219,0 7,23,153,208,0
10fea_8011463765e2aa28b386cf_jpg.rf.902daa8c3c409dfc099c8ac41adbf1c0.jpg 287,84,345,156,1 33,91,173,273,0
0002526673_jpg.rf.9704b0f676736e806c3ecb5edc8785f4.jpg 69,164,86,182,0 158,143,206,200,0
1029731146_jpg.rf.987a68b2aad716d4c0f4192d91b1abf2.jpg 11,127,61,187,1 322,117,394,213,0 157,102,255,239,0 57,147,123,243,0
0_Concern-In-China-As-Mystery-Virus-Spreads_jpg.rf.9a192a8f279ee72226c568f97a05783b.jpg 121,214,144,242,0 106,126,159,197,0 194,103,245,165,0
w1240-p16x9-coronavirus_CHINA-HEALTH_jpg.rf.8467441d811b8bcf637192c3b74de0d6.jpg 79,123,97,143,0 96,91,119,117,0 235,98,276,147,0 329,169,364,210,0
shutterstock_584407723_jpg.rf.99928a807aa7b63746d720c5ef96315a.jpg 329,122,358,156,0 220,124,259,180,0 133,141,167,180,0
1579683152-0e3ba5698b090c0fda95caa5d2aa7b31_jpg.rf.98f3954f91e85d95bdc6d5f5aae66190.jpg 226,54,341,192,0
pollution-mask-CE5HYF_jpg.rf.9773fc0255e91f4b81437d3324d63525.jpg 262,138,336,247,0 156,90,270,237,0
thai_cov-transmission030220_jpg.rf.9454b42816a41caa5d087a7190f01731.jpg 317,110,338,132,0 202,123,219,161,0 116,99,158,164,0 62,93,127,143,0 149,120,176,168,0 171,112,203,159,0 386,130,403,157,0 330,123,350,154,0 343,117,380,154,0 298,121,334,160,0 255,102,289,142,0 263,127,302,175,0 269,191,314,243,0
sgssgg_jpeg_jpg.rf.9ae3e6ffa2c37e06f94acb6f7e6bad49.jpg 42,189,72,238,0 0,176,52,237,0 74,217,118,264,0 94,156,128,192,0 127,146,154,179,0 183,173,220,211,0 208,144,239,176,0 263,165,290,199,0 297,184,327,217,0 327,192,369,246,0
Smog-Mask-PM2-5-Carbon-Filter-Face-Masks-Fog-Dust-Air-Cleaner-anti-pollution-Face-Protector_jpg.rf.9ddfe6f0deefa0d77a99f46907aad4c3.jpg 25,228,116,358,0 159,228,264,363,0 306,228,395,356,0 304,44,388,166,0 162,48,249,167,0 27,48,110,170,0
1580048340614_jpg.rf.95a9de52ba9d2413a1196c1fbd5c1443.jpg 107,144,141,194,1 264,101,291,133,1 268,236,349,322,0 251,140,292,214,0 374,154,413,211,0 366,105,397,146,0 302,153,341,206,0 199,133,258,217,0 150,168,197,233,0 83,183,137,260,0 2,191,76,306,0
smartmi-3pcs-filter-mask-pm25-haze-dustproof-mask-with-vent_jpg.rf.9d1c10773d6ec8f79497ba2eafe3c484.jpg 268,71,382,219,0 7,23,153,208,0
w1240-p16x9-fa978043deff83fed485af12d16e39c61398fc30_jpg.rf.9825e7eda7df985ef202cee8e96927ad.jpg 105,92,318,311,0
1024x576_939430607723_jpg.rf.97f346e39d56d7abf1263ade55c15c61.jpg 324,130,368,184,0 242,155,274,194,0 196,114,231,159,0 149,123,184,165,0 48,140,82,183,0 2,129,31,170,0
1125506397_15801322206581n_jpg.rf.a087258c5e847ef84182da51d0f8ce17.jpg 311,109,384,195,0 191,99,246,167,0 95,94,171,175,0
stock-photo-mother-and-her-daughter-walking-go-to-school-with-wearing-a-protection-mask-against-pm-air-1346870465_jpg.rf.a1a010d4d6c40e7d0aa88732994057ca.jpg 256,182,297,222,0 165,87,208,133,0
RTX7CD4D-e1580252893876_jpg.rf.904692ed2ac077d0ef54de3cab7793cd.jpg 303,109,337,139,0 238,116,258,137,0 155,96,177,122,0 75,107,97,130,0
125895-untitled-design-30_jpg.rf.a428c09b8af300b083714e3e0d335cec.jpg 322,93,335,110,0 222,98,241,119,0 160,94,173,106,0 182,99,196,113,0 97,96,119,126,0 85,106,107,138,0 45,198,95,257,0 124,179,158,228,0 157,139,189,179,0 211,129,239,167,0 220,161,253,204,0 256,125,288,163,0 328,110,349,139,0 346,95,365,112,0 302,110,320,133,1
1125506397_15801322206581n_jpg.rf.a02c2806a14637fb653445ba83d40616.jpg 311,109,384,195,0 191,99,246,167,0 95,94,171,175,0
15391513329330sooq10859_jpg.rf.a4adcb29f5ec51a42a4e8302784daa51.jpg 148,36,254,166,0
1196686205_jpg_14_jpg.rf.9db83a53662c4404adea479163e64998.jpg 249,185,277,217,0 136,165,166,198,0 181,137,214,170,0
w1240-p16x9-5f8aa310737f8e0e6c43d95a68a82b03b6f60106_jpg.rf.a59942cc2fab10698a4bec2582ba9f9c.jpg 325,125,346,147,1 16,115,47,155,0 53,131,85,168,0 110,117,133,141,0 135,109,163,142,0 182,126,206,154,0 244,135,262,162,0 378,118,405,151,0 352,113,380,145,0 300,115,328,149,0 274,133,311,179,0 255,127,289,173,0 225,122,250,157,0 156,128,180,157,0 124,131,158,164,0 164,177,201,213,0 203,121,228,153,0
TASS38012699_jpg.rf.9efa03536317924a26d0689526a7071f.jpg 255,199,273,218,1 321,218,350,249,1 269,251,312,296,1 32,173,58,209,1 234,239,280,284,1 217,164,241,191,1 394,204,414,243,1 171,116,210,163,0
0ad90195-cd77-489e-bf85-08c83b80d3e0_jpg.rf.a6cb587ead39bc8484d064944cb6dfee.jpg 1,88,63,232,0 96,121,209,240,0 199,109,299,231,0
w1240-p16x9-CORONAVIRUS-CHINA-HEALTH-APPLE-STORE_jpg.rf.a7a8ab1d103801a31f61f568ba48a8a9.jpg 131,100,160,134,0 285,156,321,194,0 177,158,215,197,0 309,173,350,216,0
PhotoGrid_1580452532909_jpg.rf.a07faf90c8245254d10bf1f9910a0042.jpg 385,150,410,178,0 333,156,360,183,0 297,150,321,174,0 261,151,283,175,0 226,143,247,166,0 172,144,195,169,0 128,136,149,161,0 105,127,124,152,0 84,145,107,173,0 44,144,68,172,0 2,142,25,170,0
0_Concern-In-China-As-Mystery-Virus-Spreads_jpg.rf.a11a4013ec051d429de8ce791fa35b2c.jpg 121,214,144,242,0 106,126,159,197,0 194,103,245,165,0
phppaNXxb_jpg.rf.b162f3fb429231e0bb067de7217d4e28.jpg 38,121,62,162,0 0,133,10,177,1 115,136,152,175,1 292,122,331,170,1 51,108,99,164,0 165,115,208,169,0 220,101,257,150,0 256,129,303,186,0 346,199,387,251,0
stock-photo-mother-and-her-daughter-walking-go-to-school-with-wearing-a-protection-mask-against-pm-air-1346870465_jpg.rf.9f895fe7fa56fa6327d86bc2b412fd79.jpg 256,182,297,222,0 165,87,208,133,0
the-first-day-of-wuhan-s-closure-some-people-fled-some-panicked_jpg.rf.b32e15ff5674b8e86d31acf1bbcd7125.jpg 171,175,192,196,1 206,174,217,187,0 230,189,241,201,0 220,170,235,186,0 316,92,409,176,0 241,132,293,186,0 119,122,171,184,0 4,125,58,187,0
1579928067_250120120154270000005e2bca03bf464_jpg.rf.ab54d509987896a3eb97b5cb0fe1bdcb.jpg 359,103,385,133,0 318,93,342,125,0 42,102,66,127,0 78,89,122,140,0 283,120,294,136,1 238,116,250,132,1
15391513321824spp815on8_jpg.rf.ad1e1c492346f6ee4e75a57aa7d6b46d.jpg 70,122,132,207,1 281,58,346,247,1 160,22,263,170,0
shutterstock_1145933543-e1579497052960_jpg.rf.a6e458366f456118964c23c2af3e22fd.jpg 209,82,335,235,0
r1400018548960op29s_jpg.rf.a597d567e422a9b82c9553baea3cc397.jpg 131,27,240,135,0
08165739_jpg.rf.b43ff8da3f85a853ae91c35f981b6404.jpg 345,155,374,188,0 287,152,313,183,0 201,122,246,179,0 216,99,260,148,0 169,91,211,136,0 110,191,156,246,0
1580166133-5b61094cac11561b0cbe09826e32a924_jpg.rf.a795fb5588f41effe48231d0a9ea7ec5.jpg 3,179,86,331,0 44,90,113,176,0 21,131,91,219,0 101,126,177,237,0 253,70,317,140,0 351,71,414,150,0 321,172,408,281,0 181,138,285,282,0
phppaNXxb_jpg.rf.b1316dafd0199d92b8fb24c3804040c2.jpg 38,121,62,162,0 0,133,10,177,1 115,136,152,175,1 292,122,331,170,1 51,108,99,164,0 165,115,208,169,0 220,101,257,150,0 256,129,303,186,0 346,199,387,251,0
1152x768_246964803156_jpg.rf.b7c72875a518b8a7533e477046016ec5.jpg 184,111,219,152,0 26,122,42,149,0 13,101,33,124,1 263,96,287,128,1 58,115,88,149,0 318,78,354,126,0 230,98,256,131,1 94,98,116,122,1 133,101,157,135,1
shutterstock_584407723_jpg.rf.b5853afe979791da6503bd774c158cdd.jpg 329,122,358,156,0 220,124,259,180,0 133,141,167,180,0
08165739_jpg.rf.b49cf3636a8d0c239b4b1f1304a10afd.jpg 345,155,374,188,0 287,152,313,183,0 201,122,246,179,0 216,99,260,148,0 169,91,211,136,0 110,191,156,246,0
000_1OC3DT_jpg.rf.b434181c248b9455bb4c6c13b4b05ab3.jpg 345,160,414,244,0 308,190,366,263,0 335,106,398,167,0 274,90,328,152,0 226,186,289,258,0 196,164,249,230,0 176,95,221,152,0 145,101,185,144,0 119,186,177,251,0 114,96,151,141,0 60,88,107,144,0 2,85,53,145,0 35,170,91,230,0
1029731146_jpg.rf.aa5deafd7cd482940d43d9bc4a1b3d51.jpg 11,127,61,187,1 322,117,394,213,0 157,102,255,239,0 57,147,123,243,0
1580053154-5839_jpg.rf.af8284c59908a799f484693628dfd900.jpg 26,95,88,179,0 245,70,285,123,0 311,73,366,148,0 221,91,266,171,0 164,90,218,160,0 75,107,138,203,0 199,164,257,252,0
1197315184_jpg_0_jpg.rf.b599de78cc52b1fad1f42994a529cb23.jpg 65,177,86,202,0 193,166,214,194,1 330,202,368,246,1 345,167,370,195,0 307,175,331,206,0 241,159,269,185,0 241,191,273,229,0 165,201,206,244,0 96,183,123,211,0 31,163,68,203,0
skynews-coronavirus-london-fashion-week_4920359_jpg.rf.b84dff50aa1bbe5a0531db70bb9166ad.jpg 73,185,149,271,0 156,159,238,243,0 283,149,363,238,0
so-19-_jpg.rf.b5ef4c48a7534e58e0142ecbb3140157.jpg 326,157,399,230,0 186,126,236,177,0 59,174,109,215,0
101d6660a8974050b613dd2e6bd59390_jpg.rf.b7d218a7d84dbe9170f59651abd591b5.jpg 335,140,382,202,0 208,105,253,168,0 173,155,220,215,0 59,143,114,204,0
pjecDNMmCUQmbDoJx1fdqolnfHtpsfFK8jTA2Ng0wNg_jpeg_jpg.rf.b9976e5f5fe7a6d94d016efcf369dc6f.jpg 308,134,355,207,1 44,125,81,168,0 111,143,147,183,0 164,114,210,174,0 245,159,280,200,0 335,114,386,182,0
r1000019q689461s9r0_jpg.rf.b88802275659064673e66937ef5290f1.jpg 228,50,309,147,0
126202-untitled-design-13_jpg.rf.b722093a004e1ad48fcf281c10e85040.jpg 324,96,387,175,0 234,139,325,268,0 161,123,239,225,0 70,176,144,270,0 2,129,77,249,0
002_1024_jpeg_jpg.rf.b9193d7f0ecdc7f71be1ec46518aede5.jpg 127,163,192,236,0 52,169,107,233,0 1,161,20,222,0
w1240-p16x9-fa978043deff83fed485af12d16e39c61398fc30_jpg.rf.b87581a7ff90e2c21c80d0e7f88bcc99.jpg 105,92,318,311,0